42340000
43610000
43610000
43070000
43070000
42340000
43070000
43070000
43610000
43610000
42340000
42340000
43610000
439D8000
43070000
43610000
43070000
43610000
43610000
439D8000
439D8000
43070000
43070000
439D8000
42340000
43610000
439D8000
43610000
42340000
439D8000
43070000
43070000
43610000
439D8000
43070000
43610000
42340000
43070000
42340000
43610000
43070000
439D8000
439D8000
43070000
43070000
42340000
42340000
439D8000
42340000
439D8000
43070000
42340000
43610000
43610000
42340000
42340000
439D8000
439D8000
43610000
439D8000
439D8000
42340000
42340000
43070000

